5351 4c69 7465 2066 6f72 6d61 7420 3300
1000 0101 0040 2020 0000 0002 0000 0006
0000 0000 0000 0000 0000 0003 0000 0004
0000 0000 0000 0000 0000 0001 0000 0000
0000 0000 0000 0000 0000 0000 0000 0000
0000 0000 0000 0000 0000 0000 0000 0002
002e 5b33 0d00 0000 010f 5c00 0f5c 0000
0000 0000 0000 0000 0000 0000 0000 0000
0000 0000 0000 0000 0000 0000 0000 0000
0000 0000 0000 0000 0000 0000 0000 0000
0000 0000 0000 0000 0000 0000 0000 0000
0000 0000 0000 0000 0000 0000 0000 0000
0000 0000 0000 0000 0000 0000 0000 0000
0000 0000 0000 0000 0000 0000 0000 0000
0000 0000 0000 0000 0000 0000 0000 0000
0000 0000 0000 0000 0000 0000 0000 0000
0000 0000 0000 0000 0000 0000 0000 0000
0000 0000 0000 0000 0000 0000 0000 0000
0000 0000 0000 0000 0000 0000 0000 0000
0000 0000 0000 0000 0000 0000 0000 0000
0000 0000 0000 0000 0000 0000 0000 0000
0000 0000 0000 0000 0000 0000 0000 0000
0000 0000 0000 0000 0000 0000 0000 0000
0000 0000 0000 0000 0000 0000 0000 0000
0000 0000 0000 0000 0000 0000 0000 0000
0000 0000 0000 0000 0000 0000 0000 0000
0000 0000 0000 0000 0000 0000 0000 0000
0000 0000 0000 0000 0000 0000 0000 0000
0000 0000 0000 0000 0000 0000 0000 0000
0000 0000 0000 0000 0000 0000 0000 0000
0000 0000 0000 0000 0000 0000 0000 0000
0000 0000 0000 0000 0000 0000 0000 0000
0000 0000 0000 0000 0000 0000 0000 0000
0000 0000 0000 0000 0000 0000 0000 0000
0000 0000 0000 0000 0000 0000 0000 0000
0000 0000 0000 0000 0000 0000 0000 0000
0000 0000 0000 0000 0000 0000 0000 0000
0000 0000 0000 0000 0000 0000 0000 0000
0000 0000 0000 0000 0000 0000 0000 0000
0000 0000 0000 0000 0000 0000 0000 0000
0000 0000 0000 0000 0000 0000 0000 0000
0000 0000 0000 0000 0000 0000 0000 0000
0000 0000 0000 0000 0000 0000 0000 0000
0000 0000 0000 0000 0000 0000 0000 0000
0000 0000 0000 0000 0000 0000 0000 0000
0000 0000 0000 0000 0000 0000 0000 0000
0000 0000 0000 0000 0000 0000 0000 0000
0000 0000 0000 0000 0000 0000 0000 0000
0000 0000 0000 0000 0000 0000 0000 0000
0000 0000 0000 0000 0000 0000 0000 0000
0000 0000 0000 0000 0000 0000 0000 0000
0000 0000 0000 0000 0000 0000 0000 0000
0000 0000 0000 0000 0000 0000 0000 0000
0000 0000 0000 0000 0000 0000 0000 0000
0000 0000 0000 0000 0000 0000 0000 0000
0000 0000 0000 0000 0000 0000 0000 0000
0000 0000 0000 0000 0000 0000 0000 0000
0000 0000 0000 0000 0000 0000 0000 0000
0000 0000 0000 0000 0000 0000 0000 0000
0000 0000 0000 0000 0000 0000 0000 0000
0000 0000 0000 0000 0000 0000 0000 0000
0000 0000 0000 0000 0000 0000 0000 0000
0000 0000 0000 0000 0000 0000 0000 0000
0000 0000 0000 0000 0000 0000 0000 0000
0000 0000 0000 0000 0000 0000 0000 0000
0000 0000 0000 0000 0000 0000 0000 0000
0000 0000 0000 0000 0000 0000 0000 0000
0000 0000 0000 0000 0000 0000 0000 0000
0000 0000 0000 0000 0000 0000 0000 0000
0000 0000 0000 0000 0000 0000 0000 0000
0000 0000 0000 0000 0000 0000 0000 0000
0000 0000 0000 0000 0000 0000 0000 0000
0000 0000 0000 0000 0000 0000 0000 0000
0000 0000 0000 0000 0000 0000 0000 0000
0000 0000 0000 0000 0000 0000 0000 0000
0000 0000 0000 0000 0000 0000 0000 0000
0000 0000 0000 0000 0000 0000 0000 0000
0000 0000 0000 0000 0000 0000 0000 0000
0000 0000 0000 0000 0000 0000 0000 0000
0000 0000 0000 0000 0000 0000 0000 0000
0000 0000 0000 0000 0000 0000 0000 0000
0000 0000 0000 0000 0000 0000 0000 0000
0000 0000 0000 0000 0000 0000 0000 0000
0000 0000 0000 0000 0000 0000 0000 0000
0000 0000 0000 0000 0000 0000 0000 0000
0000 0000 0000 0000 0000 0000 0000 0000
0000 0000 0000 0000 0000 0000 0000 0000
0000 0000 0000 0000 0000 0000 0000 0000
0000 0000 0000 0000 0000 0000 0000 0000
0000 0000 0000 0000 0000 0000 0000 0000
0000 0000 0000 0000 0000 0000 0000 0000
0000 0000 0000 0000 0000 0000 0000 0000
0000 0000 0000 0000 0000 0000 0000 0000
0000 0000 0000 0000 0000 0000 0000 0000
0000 0000 0000 0000 0000 0000 0000 0000
0000 0000 0000 0000 0000 0000 0000 0000
0000 0000 0000 0000 0000 0000 0000 0000
0000 0000 0000 0000 0000 0000 0000 0000
0000 0000 0000 0000 0000 0000 0000 0000
0000 0000 0000 0000 0000 0000 0000 0000
0000 0000 0000 0000 0000 0000 0000 0000
0000 0000 0000 0000 0000 0000 0000 0000
0000 0000 0000 0000 0000 0000 0000 0000
0000 0000 0000 0000 0000 0000 0000 0000
0000 0000 0000 0000 0000 0000 0000 0000
0000 0000 0000 0000 0000 0000 0000 0000
0000 0000 0000 0000 0000 0000 0000 0000
0000 0000 0000 0000 0000 0000 0000 0000
0000 0000 0000 0000 0000 0000 0000 0000
0000 0000 0000 0000 0000 0000 0000 0000
0000 0000 0000 0000 0000 0000 0000 0000
0000 0000 0000 0000 0000 0000 0000 0000
0000 0000 0000 0000 0000 0000 0000 0000
0000 0000 0000 0000 0000 0000 0000 0000
0000 0000 0000 0000 0000 0000 0000 0000
0000 0000 0000 0000 0000 0000 0000 0000
0000 0000 0000 0000 0000 0000 0000 0000
0000 0000 0000 0000 0000 0000 0000 0000
0000 0000 0000 0000 0000 0000 0000 0000
0000 0000 0000 0000 0000 0000 0000 0000
0000 0000 0000 0000 0000 0000 0000 0000
0000 0000 0000 0000 0000 0000 0000 0000
0000 0000 0000 0000 0000 0000 0000 0000
0000 0000 0000 0000 0000 0000 0000 0000
0000 0000 0000 0000 0000 0000 0000 0000
0000 0000 0000 0000 0000 0000 0000 0000
0000 0000 0000 0000 0000 0000 0000 0000
0000 0000 0000 0000 0000 0000 0000 0000
0000 0000 0000 0000 0000 0000 0000 0000
0000 0000 0000 0000 0000 0000 0000 0000
0000 0000 0000 0000 0000 0000 0000 0000
0000 0000 0000 0000 0000 0000 0000 0000
0000 0000 0000 0000 0000 0000 0000 0000
0000 0000 0000 0000 0000 0000 0000 0000
0000 0000 0000 0000 0000 0000 0000 0000
0000 0000 0000 0000 0000 0000 0000 0000
0000 0000 0000 0000 0000 0000 0000 0000
0000 0000 0000 0000 0000 0000 0000 0000
0000 0000 0000 0000 0000 0000 0000 0000
0000 0000 0000 0000 0000 0000 0000 0000
0000 0000 0000 0000 0000 0000 0000 0000
0000 0000 0000 0000 0000 0000 0000 0000
0000 0000 0000 0000 0000 0000 0000 0000
0000 0000 0000 0000 0000 0000 0000 0000
0000 0000 0000 0000 0000 0000 0000 0000
0000 0000 0000 0000 0000 0000 0000 0000
0000 0000 0000 0000 0000 0000 0000 0000
0000 0000 0000 0000 0000 0000 0000 0000
0000 0000 0000 0000 0000 0000 0000 0000
0000 0000 0000 0000 0000 0000 0000 0000
0000 0000 0000 0000 0000 0000 0000 0000
0000 0000 0000 0000 0000 0000 0000 0000
0000 0000 0000 0000 0000 0000 0000 0000
0000 0000 0000 0000 0000 0000 0000 0000
0000 0000 0000 0000 0000 0000 0000 0000
0000 0000 0000 0000 0000 0000 0000 0000
0000 0000 0000 0000 0000 0000 0000 0000
0000 0000 0000 0000 0000 0000 0000 0000
0000 0000 0000 0000 0000 0000 0000 0000
0000 0000 0000 0000 0000 0000 0000 0000
0000 0000 0000 0000 0000 0000 0000 0000
0000 0000 0000 0000 0000 0000 0000 0000
0000 0000 0000 0000 0000 0000 0000 0000
0000 0000 0000 0000 0000 0000 0000 0000
0000 0000 0000 0000 0000 0000 0000 0000
0000 0000 0000 0000 0000 0000 0000 0000
0000 0000 0000 0000 0000 0000 0000 0000
0000 0000 0000 0000 0000 0000 0000 0000
0000 0000 0000 0000 0000 0000 0000 0000
0000 0000 0000 0000 0000 0000 0000 0000
0000 0000 0000 0000 0000 0000 0000 0000
0000 0000 0000 0000 0000 0000 0000 0000
0000 0000 0000 0000 0000 0000 0000 0000
0000 0000 0000 0000 0000 0000 0000 0000
0000 0000 0000 0000 0000 0000 0000 0000
0000 0000 0000 0000 0000 0000 0000 0000
0000 0000 0000 0000 0000 0000 0000 0000
0000 0000 0000 0000 0000 0000 0000 0000
0000 0000 0000 0000 0000 0000 0000 0000
0000 0000 0000 0000 0000 0000 0000 0000
0000 0000 0000 0000 0000 0000 0000 0000
0000 0000 0000 0000 0000 0000 0000 0000
0000 0000 0000 0000 0000 0000 0000 0000
0000 0000 0000 0000 0000 0000 0000 0000
0000 0000 0000 0000 0000 0000 0000 0000
0000 0000 0000 0000 0000 0000 0000 0000
0000 0000 0000 0000 0000 0000 0000 0000
0000 0000 0000 0000 0000 0000 0000 0000
0000 0000 0000 0000 0000 0000 0000 0000
0000 0000 0000 0000 0000 0000 0000 0000
0000 0000 0000 0000 0000 0000 0000 0000
0000 0000 0000 0000 0000 0000 0000 0000
0000 0000 0000 0000 0000 0000 0000 0000
0000 0000 0000 0000 0000 0000 0000 0000
0000 0000 0000 0000 0000 0000 0000 0000
0000 0000 0000 0000 0000 0000 0000 0000
0000 0000 0000 0000 0000 0000 0000 0000
0000 0000 0000 0000 0000 0000 0000 0000
0000 0000 0000 0000 0000 0000 0000 0000
0000 0000 0000 0000 0000 0000 0000 0000
0000 0000 0000 0000 0000 0000 0000 0000
0000 0000 0000 0000 0000 0000 0000 0000
0000 0000 0000 0000 0000 0000 0000 0000
0000 0000 0000 0000 0000 0000 0000 0000
0000 0000 0000 0000 0000 0000 0000 0000
0000 0000 0000 0000 0000 0000 0000 0000
0000 0000 0000 0000 0000 0000 0000 0000
0000 0000 0000 0000 0000 0000 0000 0000
0000 0000 0000 0000 0000 0000 0000 0000
0000 0000 0000 0000 0000 0000 0000 0000
0000 0000 0000 0000 0000 0000 0000 0000
0000 0000 0000 0000 0000 0000 0000 0000
0000 0000 0000 0000 0000 0000 0000 0000
0000 0000 0000 0000 0000 0000 0000 0000
0000 0000 0000 0000 0000 0000 0000 0000
0000 0000 0000 0000 0000 0000 0000 0000
0000 0000 0000 0000 0000 0000 0000 0000
0000 0000 0000 0000 0000 0000 0000 0000
0000 0000 0000 0000 0000 0000 0000 0000
0000 0000 0000 0000 0000 0000 0000 0000
0000 0000 0000 0000 0000 0000 0000 0000
0000 0000 0000 0000 0000 0000 0000 0000
0000 0000 0000 0000 0000 0000 0000 0000
0000 0000 0000 0000 0000 0000 0000 0000
0000 0000 0000 0000 0000 0000 0000 0000
0000 0000 0000 0000 0000 0000 0000 0000
0000 0000 0000 0000 0000 0000 0000 0000
0000 0000 0000 0000 0000 0000 0000 0000
0000 0000 0000 0000 0000 0000 0000 0000
0000 0000 0000 0000 0000 0000 0000 0000
0000 0000 0000 0000 0000 0000 0000 0000
0000 0000 0000 0000 0000 0000 0000 0000
0000 0000 0000 0000 0000 0000 0000 0000
0000 0000 0000 0000 0000 0000 0000 0000
0000 0000 0000 0000 0000 0000 0000 0000
0000 0000 0000 0000 0000 0000 0000 0000
0000 0000 0000 0000 0000 0000 0000 0000
0000 0000 0000 0000 0000 0000 0000 0000
0000 0000 0000 0000 0000 0000 0000 0000
0000 0000 0000 0000 0000 0000 0000 0000
0000 0000 0000 0000 0000 0000 0000 0000
0000 0000 0000 0000 0000 0000 0000 0000
0000 0000 0000 0000 0000 0000 0000 0000
0000 0000 0000 0000 0000 0000 0000 0000
0000 0000 0000 0000 0000 0000 0000 0000
00b2 0000 0000 0000 0000 0000 8121 0107
172b 2b01 8179 7461 626c 6562 7261 7a69
6c69 616e 5f73 6f6e 6773 6272 617a 696c
6961 6e5f 736f 6e67 7302 4352 4541 5445
2054 4142 4c45 2062 7261 7a69 6c69 616e
5f73 6f6e 6773 2028 6964 2c73 6f6e 675f
7469 746c 652c 6172 7469 7374 2c72 656c
6561 7365 5f64 6174 652c 7261 6e6b 5f70
6f73 6974 696f 6e2c 6c65 7869 6361 6c5f
636f 6d70 6c65 7869 7479 5f73 636f 7265
2c6d 786d 5f64 6174 6173 6574 5f49 4429
0500 0000 030f f000 0000 0006 0ffb 0ff6
0ff0 0000 0000 0000 0000 0000 0000 0000
0000 0000 0000 0000 0000 0000 0000 0000
0000 0000 0000 0000 0000 0000 0000 0000
0000 0000 0000 0000 0000 0000 0000 0000
0000 0000 0000 0000 0000 0000 0000 0000
0000 0000 0000 0000 0000 0000 0000 0000
0000 0000 0000 0000 0000 0000 0000 0000
0000 0000 0000 0000 0000 0000 0000 0000
0000 0000 0000 0000 0000 0000 0000 0000
0000 0000 0000 0000 0000 0000 0000 0000
0000 0000 0000 0000 0000 0000 0000 0000
0000 0000 0000 0000 0000 0000 0000 0000
0000 0000 0000 0000 0000 0000 0000 0000
0000 0000 0000 0000 0000 0000 0000 0000
0000 0000 0000 0000 0000 0000 0000 0000
0000 0000 0000 0000 0000 0000 0000 0000
0000 0000 0000 0000 0000 0000 0000 0000
0000 0000 0000 0000 0000 0000 0000 0000
0000 0000 0000 0000 0000 0000 0000 0000
0000 0000 0000 0000 0000 0000 0000 0000
0000 0000 0000 0000 0000 0000 0000 0000
0000 0000 0000 0000 0000 0000 0000 0000
0000 0000 0000 0000 0000 0000 0000 0000
0000 0000 0000 0000 0000 0000 0000 0000
0000 0000 0000 0000 0000 0000 0000 0000
0000 0000 0000 0000 0000 0000 0000 0000
0000 0000 0000 0000 0000 0000 0000 0000
0000 0000 0000 0000 0000 0000 0000 0000
0000 0000 0000 0000 0000 0000 0000 0000
0000 0000 0000 0000 0000 0000 0000 0000
0000 0000 0000 0000 0000 0000 0000 0000
0000 0000 0000 0000 0000 0000 0000 0000
0000 0000 0000 0000 0000 0000 0000 0000
0000 0000 0000 0000 0000 0000 0000 0000
0000 0000 0000 0000 0000 0000 0000 0000
0000 0000 0000 0000 0000 0000 0000 0000
0000 0000 0000 0000 0000 0000 0000 0000
0000 0000 0000 0000 0000 0000 0000 0000
0000 0000 0000 0000 0000 0000 0000 0000
0000 0000 0000 0000 0000 0000 0000 0000
0000 0000 0000 0000 0000 0000 0000 0000
0000 0000 0000 0000 0000 0000 0000 0000
0000 0000 0000 0000 0000 0000 0000 0000
0000 0000 0000 0000 0000 0000 0000 0000
0000 0000 0000 0000 0000 0000 0000 0000
0000 0000 0000 0000 0000 0000 0000 0000
0000 0000 0000 0000 0000 0000 0000 0000
0000 0000 0000 0000 0000 0000 0000 0000
0000 0000 0000 0000 0000 0000 0000 0000
0000 0000 0000 0000 0000 0000 0000 0000
0000 0000 0000 0000 0000 0000 0000 0000
0000 0000 0000 0000 0000 0000 0000 0000
0000 0000 0000 0000 0000 0000 0000 0000
0000 0000 0000 0000 0000 0000 0000 0000
0000 0000 0000 0000 0000 0000 0000 0000
0000 0000 0000 0000 0000 0000 0000 0000
0000 0000 0000 0000 0000 0000 0000 0000
0000 0000 0000 0000 0000 0000 0000 0000
0000 0000 0000 0000 0000 0000 0000 0000
0000 0000 0000 0000 0000 0000 0000 0000
0000 0000 0000 0000 0000 0000 0000 0000
0000 0000 0000 0000 0000 0000 0000 0000
0000 0000 0000 0000 0000 0000 0000 0000
0000 0000 0000 0000 0000 0000 0000 0000
0000 0000 0000 0000 0000 0000 0000 0000
0000 0000 0000 0000 0000 0000 0000 0000
0000 0000 0000 0000 0000 0000 0000 0000
0000 0000 0000 0000 0000 0000 0000 0000
0000 0000 0000 0000 0000 0000 0000 0000
0000 0000 0000 0000 0000 0000 0000 0000
0000 0000 0000 0000 0000 0000 0000 0000
0000 0000 0000 0000 0000 0000 0000 0000
0000 0000 0000 0000 0000 0000 0000 0000
0000 0000 0000 0000 0000 0000 0000 0000
0000 0000 0000 0000 0000 0000 0000 0000
0000 0000 0000 0000 0000 0000 0000 0000
0000 0000 0000 0000 0000 0000 0000 0000
0000 0000 0000 0000 0000 0000 0000 0000
0000 0000 0000 0000 0000 0000 0000 0000
0000 0000 0000 0000 0000 0000 0000 0000
0000 0000 0000 0000 0000 0000 0000 0000
0000 0000 0000 0000 0000 0000 0000 0000
0000 0000 0000 0000 0000 0000 0000 0000
0000 0000 0000 0000 0000 0000 0000 0000
0000 0000 0000 0000 0000 0000 0000 0000
0000 0000 0000 0000 0000 0000 0000 0000
0000 0000 0000 0000 0000 0000 0000 0000
0000 0000 0000 0000 0000 0000 0000 0000
0000 0000 0000 0000 0000 0000 0000 0000
0000 0000 0000 0000 0000 0000 0000 0000
0000 0000 0000 0000 0000 0000 0000 0000
0000 0000 0000 0000 0000 0000 0000 0000
0000 0000 0000 0000 0000 0000 0000 0000
0000 0000 0000 0000 0000 0000 0000 0000
0000 0000 0000 0000 0000 0000 0000 0000
0000 0000 0000 0000 0000 0000 0000 0000
0000 0000 0000 0000 0000 0000 0000 0000
0000 0000 0000 0000 0000 0000 0000 0000
0000 0000 0000 0000 0000 0000 0000 0000
0000 0000 0000 0000 0000 0000 0000 0000
0000 0000 0000 0000 0000 0000 0000 0000
0000 0000 0000 0000 0000 0000 0000 0000
0000 0000 0000 0000 0000 0000 0000 0000
0000 0000 0000 0000 0000 0000 0000 0000
0000 0000 0000 0000 0000 0000 0000 0000
0000 0000 0000 0000 0000 0000 0000 0000
0000 0000 0000 0000 0000 0000 0000 0000
0000 0000 0000 0000 0000 0000 0000 0000
0000 0000 0000 0000 0000 0000 0000 0000
0000 0000 0000 0000 0000 0000 0000 0000
0000 0000 0000 0000 0000 0000 0000 0000
0000 0000 0000 0000 0000 0000 0000 0000
0000 0000 0000 0000 0000 0000 0000 0000
0000 0000 0000 0000 0000 0000 0000 0000
0000 0000 0000 0000 0000 0000 0000 0000
0000 0000 0000 0000 0000 0000 0000 0000
0000 0000 0000 0000 0000 0000 0000 0000
0000 0000 0000 0000 0000 0000 0000 0000
0000 0000 0000 0000 0000 0000 0000 0000
0000 0000 0000 0000 0000 0000 0000 0000
0000 0000 0000 0000 0000 0000 0000 0000
0000 0000 0000 0000 0000 0000 0000 0000
0000 0000 0000 0000 0000 0000 0000 0000
0000 0000 0000 0000 0000 0000 0000 0000
0000 0000 0000 0000 0000 0000 0000 0000
0000 0000 0000 0000 0000 0000 0000 0000
0000 0000 0000 0000 0000 0000 0000 0000
0000 0000 0000 0000 0000 0000 0000 0000
0000 0000 0000 0000 0000 0000 0000 0000
0000 0000 0000 0000 0000 0000 0000 0000
0000 0000 0000 0000 0000 0000 0000 0000
0000 0000 0000 0000 0000 0000 0000 0000
0000 0000 0000 0000 0000 0000 0000 0000
0000 0000 0000 0000 0000 0000 0000 0000
0000 0000 0000 0000 0000 0000 0000 0000
0000 0000 0000 0000 0000 0000 0000 0000
0000 0000 0000 0000 0000 0000 0000 0000
0000 0000 0000 0000 0000 0000 0000 0000
0000 0000 0000 0000 0000 0000 0000 0000
0000 0000 0000 0000 0000 0000 0000 0000
0000 0000 0000 0000 0000 0000 0000 0000
0000 0000 0000 0000 0000 0000 0000 0000
0000 0000 0000 0000 0000 0000 0000 0000
0000 0000 0000 0000 0000 0000 0000 0000
0000 0000 0000 0000 0000 0000 0000 0000
0000 0000 0000 0000 0000 0000 0000 0000
0000 0000 0000 0000 0000 0000 0000 0000
0000 0000 0000 0000 0000 0000 0000 0000
0000 0000 0000 0000 0000 0000 0000 0000
0000 0000 0000 0000 0000 0000 0000 0000
0000 0000 0000 0000 0000 0000 0000 0000
0000 0000 0000 0000 0000 0000 0000 0000
0000 0000 0000 0000 0000 0000 0000 0000
0000 0000 0000 0000 0000 0000 0000 0000
0000 0000 0000 0000 0000 0000 0000 0000
0000 0000 0000 0000 0000 0000 0000 0000
0000 0000 0000 0000 0000 0000 0000 0000
0000 0000 0000 0000 0000 0000 0000 0000
0000 0000 0000 0000 0000 0000 0000 0000
0000 0000 0000 0000 0000 0000 0000 0000
0000 0000 0000 0000 0000 0000 0000 0000
0000 0000 0000 0000 0000 0000 0000 0000
0000 0000 0000 0000 0000 0000 0000 0000
0000 0000 0000 0000 0000 0000 0000 0000
0000 0000 0000 0000 0000 0000 0000 0000
0000 0000 0000 0000 0000 0000 0000 0000
0000 0000 0000 0000 0000 0000 0000 0000
0000 0000 0000 0000 0000 0000 0000 0000
0000 0000 0000 0000 0000 0000 0000 0000
0000 0000 0000 0000 0000 0000 0000 0000
0000 0000 0000 0000 0000 0000 0000 0000
0000 0000 0000 0000 0000 0000 0000 0000
0000 0000 0000 0000 0000 0000 0000 0000
0000 0000 0000 0000 0000 0000 0000 0000
0000 0000 0000 0000 0000 0000 0000 0000
0000 0000 0000 0000 0000 0000 0000 0000
0000 0000 0000 0000 0000 0000 0000 0000
0000 0000 0000 0000 0000 0000 0000 0000
0000 0000 0000 0000 0000 0000 0000 0000
0000 0000 0000 0000 0000 0000 0000 0000
0000 0000 0000 0000 0000 0000 0000 0000
0000 0000 0000 0000 0000 0000 0000 0000
0000 0000 0000 0000 0000 0000 0000 0000
0000 0000 0000 0000 0000 0000 0000 0000
0000 0000 0000 0000 0000 0000 0000 0000
0000 0000 0000 0000 0000 0000 0000 0000
0000 0000 0000 0000 0000 0000 0000 0000
0000 0000 0000 0000 0000 0000 0000 0000
0000 0000 0000 0000 0000 0000 0000 0000
0000 0000 0000 0000 0000 0000 0000 0000
0000 0000 0000 0000 0000 0000 0000 0000
0000 0000 0000 0000 0000 0000 0000 0000
0000 0000 0000 0000 0000 0000 0000 0000
0000 0000 0000 0000 0000 0000 0000 0000
0000 0000 0000 0000 0000 0000 0000 0000
0000 0000 0000 0000 0000 0000 0000 0000
0000 0000 0000 0000 0000 0000 0000 0000
0000 0000 0000 0000 0000 0000 0000 0000
0000 0000 0000 0000 0000 0000 0000 0000
0000 0000 0000 0000 0000 0000 0000 0000
0000 0000 0000 0000 0000 0000 0000 0000
0000 0000 0000 0000 0000 0000 0000 0000
0000 0000 0000 0000 0000 0000 0000 0000
0000 0000 0000 0000 0000 0000 0000 0000
0000 0000 0000 0000 0000 0000 0000 0000
0000 0000 0000 0000 0000 0000 0000 0000
0000 0000 0000 0000 0000 0000 0000 0000
0000 0000 0000 0000 0000 0000 0000 0000
0000 0000 0000 0000 0000 0000 0000 0000
0000 0000 0000 0000 0000 0000 0000 0000
0000 0000 0000 0000 0000 0000 0000 0000
0000 0000 0000 0000 0000 0000 0000 0000
0000 0000 0000 0000 0000 0000 0000 0000
0000 0000 0000 0000 0000 0000 0000 0000
0000 0000 0000 0000 0000 0000 0000 0000
0000 0000 0000 0000 0000 0000 0000 0000
0000 0000 0000 0000 0000 0000 0000 0000
0000 0000 0000 0000 0000 0000 0000 0000
0000 0000 0000 0000 0000 0000 0000 0000
0000 0000 0000 0000 0000 0000 0000 0000
0000 0000 0000 0000 0000 0000 0000 0000
0000 0000 0000 0000 0000 0000 0000 0000
0000 0000 0000 0000 0000 0000 0000 0000
0000 0000 0000 0000 0000 0000 0000 0000
0000 0000 0000 0000 0000 0000 0000 0000
0000 0000 0000 0000 0000 0000 0000 0000
0000 0000 0000 0000 0000 0000 0000 0000
0000 0000 0000 0000 0000 0000 0000 0000
0000 0000 0000 0000 0000 0000 0000 0000
0000 0000 0000 0000 0000 0000 0000 0000
0000 0000 0000 0000 0000 0000 0000 0000
0000 0000 0000 0000 0000 0000 0000 0000
0000 0000 0000 0000 0000 0000 0000 0000
0000 0000 0000 0000 0000 0000 0000 0000
0000 0000 0000 0000 0000 0000 0000 0000
0000 0000 0000 0000 0000 0000 0000 0000
0000 0000 0000 0000 0000 0000 0000 0000
0000 0000 0000 0000 0000 0000 0000 0000
0000 0000 0000 0000 0000 0000 0000 0000
0000 0000 0000 0000 0000 0000 0000 0000
0000 0000 0000 0000 0000 0000 0000 0000
0000 0000 0000 0000 0000 0000 0000 0000
0000 0000 0000 0000 0000 0000 0000 0000
0000 0000 0000 0000 0000 0000 0000 0000
0000 0000 0000 0000 0000 0000 0000 0000
0000 0000 0000 0000 0000 0000 0000 0000
0000 0000 0000 0000 0000 0000 0000 0000
0000 0000 0000 0000 0000 0000 0000 0000
0000 0000 0000 0000 0000 0000 0000 0000
0000 0000 0000 0000 0000 0000 0000 0000
0000 0000 0000 0000 0000 0000 0000 0000
0000 0000 0000 0000 0000 0000 0000 0000
0000 0000 0000 0000 0000 0000 0000 0000
0000 0000 0000 0000 0000 0000 0000 0000
0000 0005 8131 0000 0004 7700 0000 033d
0d00 0000 3d00 9600 0fb6 0f74 0f23 0ee1
0e97 0e54 0df4 0db7 0d7f 0d4e 0d19 0ce2
0c9e 0c69 0c2b 0bef 0bae 0b6a 0b28 0af0
0aac 0a73 0a38 09fb 09ac 0962 0927 08e7
08ac 086e 0828 07f1 07bc 076f 072f 06ec
06a7 066a 0629 05eb 05b8 057f 0545 04f8
04bc 046e 0437 03f9 03bc 0371 032d 02f1
02af 0276 0235 01f0 01ad 0169 0127 00de
0096 0000 0000 0000 0000 0000 0000 0000
0000 0000 0000 463d 0801 3129 0201 0731
3c4e c3a3 6f20 7465 6d20 736f 6c75 c3a7
c3a3 6f44 6f72 6976 616c 2043 6179 6d6d
6907 a016 3fe5 d174 5d17 45d1 5452 5044
4e45 5931 3238 4631 3437 3245 3436 473c
0801 4517 0201 0731 3b4e 6f69 7465 7320
6465 2075 6d20 7665 72c3 a36f 2071 7561
6c71 7565 7253 6b61 6e6b 07da 243f e286
bca1 af28 6c54 5243 4249 4745 3132 3846
3933 3433 4445 3740 3b08 012d 2102 0107
313a 5665 6d20 416e 6461 7220 436f 6d69
676f 4a6f 7461 2051 7565 7374 07d9 563f
e618 6186 1861 8654 5255 5341 4c48 3132
3846 3932 4536 3137 3242 3a08 0129 2902
0107 3139 4265 696a 6172 204e 6120 426f
6361 436c 6175 6469 6120 4c65 6974 7465
07d9 4f3f f000 0000 0000 0054 5245 585a
5859 3132 3846 3932 4432 3633 4541 3908
0131 1f02 0107 3138 5065 7373 6f61 6c20
5061 7274 6963 756c 6172 5365 7520 4a6f
7267 6507 d930 3fde 79e7 9e79 e79e 5452
4959 5356 5931 3238 4639 3333 4544 3532
4338 0801 2d27 0201 0731 3741 676f 7261
2045 7520 4ac3 a120 5365 6949 7665 7465
2053 616e 6761 6c6f 07d9 283f dedb 6db6
db6d b754 5252 5859 5558 3132 3846 3932
4543 3336 363f 3708 0125 2702 0107 3136
4361 64c3 aa20 4461 6c69 6c61 4976 6574
6520 5361 6e67 616c 6f07 d91b 3fc6 84bd
a12f 684c 5452 5850 444c 4531 3238 4639
3245 4333 3634 3736 0801 1f1d 0201 0731
354e 6174 6963 6f6e 676f 4e61 7469 7275
7473 07d8 373f e14c 1bac f914 c254 5243
5759 4a4c 3132 3846 3134 3836 3730 3540
3508 0123 2b02 0107 3134 506f 6465 2043
686f 7261 7241 6c65 7861 6e64 7265 2050
6972 6573 07d8 233f e2aa aaaa aaaa ab54
5246 4d4b 5141 3132 3846 3933 3041 4230
443a 3408 0117 2b02 0107 3133 416d 6164
6f56 616e 6573 7361 2064 6120 4d61 7461
07d8 0f3f f000 0000 0000 0054 5258 594e
5555 3132 3846 3932 4532 4443 3042 3308
0133 1f02 0107 3132 4d69 6e61 2044 6f20
436f 6e64 6f6d c3ad 6e69 6f53 6575 204a
6f72 6765 07d8 063f e1f7 047d c11f 7054
5251 5349 5a45 3132 3846 3933 3342 3332
3949 3208 0135 2b02 0107 3131 4575 204e
756e 6361 2044 6973 7365 2041 6465 7573
4361 7069 7461 6c20 496e 6963 6961 6c07
d751 3fdb ea36 77d4 6cf0 5452 434b 4849
4a31 3238 4639 3333 3443 4346 3b31 0801
291b 0201 0731 3054 726f 7061 2044 6520
456c 6974 6554 6968 7561 6e61 07d7 4b3f
d42e 2049 cd42 e254 5250 5456 455a 3132
3846 3134 3836 4437 443c 3008 011b 2b02
0107 312f 4375 6c70 6164 6157 616e 6573
7361 2043 616d 6172 676f 07d7 423f dddd
dddd dddd de54 5258 484b 4743 3132 3846
3933 3338 3343 3235 2f08 0121 1702 0107
312e 4d69 6c20 6163 6173 6f73 536b 616e
6b07 d73e 3fd1 9f89 467e 251a 5452 444c
464e 5531 3238 4639 3333 4132 4135 4c2e
0801 392d 0201 0731 2d4c 7561 2043 6865
6961 202f 2046 6963 6120 446f 6964 6150
6170 6173 2064 6120 4cc3 ad6e 6775 6107
d73c 3fd2 2635 7e16 ece5 5452 5254 5344
5031 3238 4631 3439 3032 3442 3a2d 0801
172b 0201 0731 2c4c 6f75 6361 5761 6e65
7373 6120 4361 6d61 7267 6f07 d737 3fd3
dcb0 8d3d cb09 5452 5245 4a51 5331 3238
4639 3333 3833 4339 4b2c 0801 3f25 0201
0731 2b4d 6575 2041 6d6f 7220 5365 204d
7564 6f75 2070 7261 204c 7561 5061 756c
6120 546f 6c6c 6572 07d7 353f e145 1451
4514 5154 5254 4649 4159 3132 3846 3933
3037 3236 3438 2b08 0125 1902 0107 312a
5061 7261 2074 7520 616d 6f72 4a75 616e
6573 07d7 333f d02c 0b02 c0b0 2c54 5245
4656 564a 3132 3846 3134 3645 3444 3137
2a08 0117 2502 0107 3129 526f 7361 7341
6e61 2043 6172 6f6c 696e 6107 d723 3fd0
c30c 30c3 0c31 5452 4a4e 4655 5431 3238
4639 3333 4146 3946 3129 0801 1d13 0201
0731 2853 c3a1 6c76 616d 6552 4244 07d6
613f d4b9 4b94 b94b 9554 5259 4742 4c4d
3132 3846 3432 3446 3046 353c 2808 0119
2d02 0107 3127 4f20 4a6f 676f 4d61 726a
6f72 6965 2045 7374 6961 6e6f 07d6 4e3f
c842 ed98 42ed 9854 5245 4854 5854 3132
3846 3933 3132 4235 433f 2708 0129 2302
0107 3126 426f 6c61 2064 6520 7361 62c3
a36f 4261 6261 646f 204e 6f76 6f07 d645
3fd0 0000 0000 0000 5452 4148 544c 5831
3238 4639 3331 3243 3334 3b26 0801 1d27
0201 0731 2541 2067 616c 6572 6149 7665
7465 2053 616e 6761 6c6f 07d6 433f c9ec
8e95 1033 d954 524e 5141 524c 3132 3846
3432 3931 3843 3143 2508 013d 1702 0107
3124 556d 6120 6361 6ec3 a7c3 a36f 20c3
a920 7072 6120 6973 736f 536b 616e 6b07
d637 3fd5 1033 d91d 2a20 5452 4343 5359
4e31 3238 4639 3333 4132 3942 4124 0801
351b 0201 0731 2350 6573 6361 646f 7220
6465 2049 6c75 73c3 b565 734f 2052 6170
7061 07d6 333f d2b5 2b52 b52b 5354 524d
5153 4756 3132 3846 3134 3932 3935 443e
2308 012f 1b02 0107 3122 4e61 2046 7265
6e74 6520 646f 2052 6574 6f4f 2052 6170
7061 07d6 2b3f d000 0000 0000 0054 5258
5456 5755 3132 3846 3134 3932 3935 344b
2208 0137 2d02 0107 3121 506f 7220 4d61
6973 2051 7565 2045 7520 5465 6e74 654d
6172 6a6f 7269 6520 4573 7469 616e 6f07
d625 3fe0 4d48 73ec ade3 5452 5953 4958
5a31 3238 4639 3331 3242 3541 3321 0801
191b 0201 0731 2052 656e 6174 6154 6968
7561 6e61 07d5 5d3f d023 9e0d 5b45 0254
5253 4958 4a52 3132 3846 3134 3836 4438
3535 2008 0113 2502 0107 311f 4e75 6141
6e61 2043 6172 6f6c 696e 6107 d549 3fd9
6f96 f96f 96f9 5452 574e 4258 5331 3239
3033 4346 3731 4635 441f 0801 2b2b 0201
0731 1e54 6972 6120 456c 6120 6465 204d
696d 416c 6578 616e 6472 6520 5069 7265
7307 d540 3fe5 5555 5555 5555 5452 564b
5152 5031 3238 4639 3330 4142 3135 3c1e
0801 2521 0201 0731 1d50 6569 746f 2061
6265 7274 6f4b 6964 2041 6265 6c68 6107
d53b 3fe0 0000 0000 0000 5452 5a50 5845
4d31 3238 4639 3331 3242 3643 391d 0801
1f21 0201 0731 1c50 6f6c 6967 616d 6961
4b69 6420 4162 656c 6861 07d5 243f e057
2620 ae4c 4154 524b 5542 4f54 3132 3846
3933 3132 4236 373e 1c08 012f 1b02 0107
311b 4e61 2046 7265 6e74 6520 646f 2052
6574 6f4f 2052 6170 7061 07d5 203f d000
0000 0000 0054 5258 5456 5755 3132 3846
3134 3932 3935 3439 1b08 0127 1902 0107
311a 4972 7265 7665 7273 c3ad 7665 6c43
504d 2032 3207 d514 3fdd 1745 d174 5d17
5452 5949 4b44 5231 3238 4639 3331 3437
3446 481a 0801 312d 0201 0731 1956 6f63
c3aa 2053 656d 7072 6520 5365 72c3 a14d
6172 6a6f 7269 6520 4573 7469 616e 6f07
d508 3fd9 9999 9999 999a 5452 5847 4341
5031 3238 4639 3331 3242 3539 4d19 0801
3533 0201 0731 1846 6963 6f20 6173 7369
6d20 7365 6d20 766f 63c3 aa41 6472 6961
6e61 2043 616c 6361 6e68 6f74 746f 07d4
423f d4c1 bacf 914c 1c54 524b 5146 5452
3132 3846 3932 4641 3230 363b 1808 0123
2102 0107 3117 446f 2053 6575 204c 6164
6f4a 6f74 6120 5175 6573 7407 d424 3fe2
86bc a1af 286c 5452 4e4d 504f 4331 3238
4639 3333 3930 4232 3917 0801 1d23 0201
0731 1646 756c 6c67 c3a1 734d 6172 696e
6120 4c69 6d61 07d3 4d3f e080 0000 0000
0054 5259 4851 5955 3132 3846 3134 3732
3433 3537 1608 011b 2102 0107 3115 4120
6665 7374 614d 6172 6961 2052 6974 6107
d339 3fd4 7ae1 47ae 147b 5452 4c58 5852
5131 3238 4530 3739 3843 3142 4215 0801
3121 0201 0731 1451 7565 726f 2074 6520
656e 636f 6e74 7261 724b 6964 2041 6265
6c68 6107 d330 3fdc 9882 b931 0572 5452
4d51 484a 5031 3239 3033 4341 3444 3436
3614 0801 1b1f 0201 0731 1341 646f 6c65
7461 4b65 6c6c 7920 4b65 7907 d30e 3fd4
b4b4 b4b4 b4b5 5452 4247 4553 4531 3238
4530 3739 3844 4535 4013 0801 232b 0201
0731 1245 7320 706f 7220 616d 6f72 416c
6578 616e 6472 6520 5069 7265 7307 d245
3fd3 12a6 254c 4a99 5452 4456 4450 4e31
3238 4634 3238 4234 3531 4212 0801 272b
0201 0731 1141 2073 7561 206d 616e 6569
7261 4361 7069 7461 6c20 496e 6963 6961
6c07 d239 3fd7 2c23 4f72 c235 5452 514e
4957 4431 3238 4639 3245 4643 3830 3f11
0801 2527 0201 0731 1050 6f72 2045 6e71
7561 6e74 6f43 c3a1 7373 6961 2045 6c6c
6572 07d2 2e3f d4f7 2c23 4f72 c254 5254
5648 5541 3132 3846 3933 3241 3945 313a
1008 0123 1f02 0107 310f 4361 6368 6f72
7269 6e68 6f4b 656c 6c79 204b 6579 07d2
263f d000 0000 0000 0054 524e 4d4c 5250
3132 3846 3432 3344 3330 303c 0f08 0123
2302 0107 310e 4469 6173 2049 6775 6169
734c 7569 7a61 2050 6f73 7369 07d2 1a3f
ce3c 78f1 e3c7 8f54 5253 4c52 4c52 3132
3846 3432 3944 4643 4233 0e08 0115 1f02
0107 310d 4261 6261 4b65 6c6c 7920 4b65
7907 d213 3fbd ae60 76b9 81db 5452 4e55
4f42 4431 3238 4634 3238 3033 3343 420d
0801 272b 0201 0731 0c54 616e 7461 2053
6175 6461 6465 5761 6e65 7373 6120 4361
6d61 7267 6f07 d212 3fd5 cd5c d5cd 5cd6
5452 4547 5352 4931 3238 4639 3245 4643
3434 350c 0801 1f19 0201 0731 0b45 7069
74c3 a166 696f 5469 74c3 a373 07d2 083f
dc28 f5c2 8f5c 2954 5256 5250 564d 3132
3846 3933 3432 4434 3533 0b08 0115 1f02
0107 310a 416e 6a6f 4b65 6c6c 7920 4b65
7907 d206 3fe8 0000 0000 0000 5452 5443
4446 4b31 3238 4530 3739 3844 4537 2f0a
0801 111b 0201 0731 0945 7550 6174 6f20
4675 07d1 633f db6d b6db 6db6 db54 5246
554b 4855 3132 3846 3933 3338 3846 3236
0908 011f 1b02 0107 3108 556d 6120 4e6f
6974 6554 6968 7561 6e61 07d1 553f d76f
c64f 52ed f954 5245 5859 4358 3132 3846
3134 3836 4438 333b 0808 011b 2902 0107
3107 4120 4c65 6e64 6153 616e 6479 2065
204a 756e 696f 7207 d13c 3fd8 6991 2796
6ed8 5452 504a 444a 4131 3238 4639 3331
3432 3031 5e07 0801 6129 0201 0731 0651
7561 6e64 6f20 6f20 736f 6c20 6261 7465
7220 6e61 206a 616e 656c 6120 646f 2074
6575 2071 7561 7274 6f4c 6567 69c3 a36f
2055 7262 616e 6107 d12f 3fe0 0000 0000
0000 5452 414e 474a 4531 3238 4634 3241
4343 3943 4106 0801 2f21 0201 0731 0545
7520 436f 6e74 7261 2061 204e 6f69 7465
4b69 6420 4162 656c 6861 07d1 223f e2c2
34f7 2c23 4f54 5259 534b 4455 3132 3930
3343 4134 4432 3548 0508 013b 2302 0107
3104 4170 656e 6173 206d 6169 7320 756d
6120 6465 2061 6d6f 724c 756c 7520 5361
6e74 6f73 07d1 1d3f d6ec e540 f489 8d54
5250 4c5a 5346 3132 3846 3432 3833 3446
3040 0408 0133 1b02 0107 3103 416e 646f
206d 6569 6f20 6465 736c 6967 6164 6f50
6174 6f20 4675 07d1 153f e611 a7b9 611a
7c54 5242 4f46 494a 3132 3846 3933 3338
3930 424f 0308 0141 2b02 0107 3102 5573
7465 6420 7365 206d 6520 6c6c 6576 c3b3
206c 6120 7669 6461 416c 6578 616e 6472
6520 5069 7265 7307 d10b 3fd2 0ae4 c415
c988 5452 514d 524b 5131 3238 4639 3333
4130 3234 4002 0809 2b25 0201 0731 566f
7520 5465 2050 726f 6375 7261 724f 7320
5472 6176 6573 736f 7307 d10a 3fd3 716a
efcc 26e3 5452 4e47 544c 5031 3238 4631
3436 4632 3044 4801 0808 3d25 0209 0731
4171 7569 202f 2051 7565 6d20 6465 204e
c3b3 7320 446f 6973 416e 6120 4361 726f
6c69 6e61 07d1 3fd6 6ed8 6991 2796 5452
4245 4b43 4531 3238 4639 3333 4135 4145
0d00 0000 3a00 b800 0fbb 0f73 0f2d 0ef7
0ead 0e65 0e23 0de6 0d9c 0d57 0d11 0cc8
0c8c 0c4c 0c07 0bc4 0b8e 0b45 0b09 0aca
0a84 0a32 09e6 09a4 0962 0907 08c5 0875
082f 07f3 07ad 0771 0736 06f4 06ae 0666
0626 05e1 0598 055c 0514 04db 049a 0454
0418 03ce 038d 034b 0305 02bf 027c 023d
01f5 01b4 0179 0135 00f8 00b8 0000 0000
0000 0000 0000 0000 0000 0000 0000 0000
0000 0000 0000 0000 0000 0000 0000 0000
0000 0000 0000 0000 0000 0000 0000 0000
0000 0000 0000 0000 3e77 0801 1f2b 0201
0731 764d 6575 2044 7261 6d61 526f 6265
7274 6f20 5269 6265 6972 6f07 bb1d 3fee
1e1e 1e1e 1e1e 5452 4948 4742 5431 3238
4631 3437 3245 3330 3b76 0801 271d 0201
0731 7545 7520 6520 4d65 7520 4761 746f
5269 7461 204c 6565 07ba 623f f000 0000
0000 0054 5244 554b 584d 3132 3846 3933
3131 3332 3142 7508 0123 2f02 0107 3174
4d61 7269 6120 4d61 7269 614d 696c 746f
6e20 4e61 7363 696d 656e 746f 07ba 3d3f
e3be a367 7d46 cf54 5247 595a 5445 3132
3846 3134 3843 3146 3039 7408 0117 2902
0107 3173 5465 7272 6143 6165 7461 6e6f
2056 656c 6f73 6f07 ba2e 3fd5 5555 5555
5555 5452 4e52 4251 5831 3238 4639 3332
4646 3138 3f73 0801 2329 0201 0731 724f
204c 6561 6f7a 696e 686f 4361 6574 616e
6f20 5665 6c6f 736f 07b9 5b3f e306 eb3e
4530 6f54 5244 4641 4d58 3132 3846 3134
3936 3530 3846 7208 012f 2b02 0107 3171
5365 7520 4a65 6974 6f20 6465 2041 6d61
724d 6172 6961 2042 6574 68c3 a26e 6961
07b9 4d3f e2df 2df2 df2d f354 5251 4d4a
584c 3132 3846 3933 3137 3037 413d 7108
0125 2302 0107 3170 4661 7363 696e 61c3
a7c3 a36f 456c 6973 2052 6567 696e 6107
b84c 3fdf 286b ca1a f287 5452 4c50 4142
4b31 3239 3033 4343 3037 4232 4170 0801
2d23 0201 0731 6f43 6f6d 6f20 6e6f 7373
6f73 2070 6169 7345 6c69 7320 5265 6769
6e61 07b8 1c3f dcc6 7319 cc67 3254 5250
494e 4851 3132 3930 3343 4330 3730 3544
6f08 0133 2302 0107 316e 4120 4465 7573
6120 646f 7320 4f72 6978 c3a1 7343 6c61
7261 204e 756e 6573 07b7 483f d821 92e2
9f79 b454 5245 474a 4455 3132 3846 3432
3835 4235 4144 6e08 0137 1f02 0107 316d
4d6f 6469 6e68 6120 7061 7261 2047 6162
7269 656c 6147 616c 2043 6f73 7461 07b7
3e3f e08d 3dcb 08d3 dd54 524f 5146 4c52
3132 3846 3134 3939 3231 4640 6d08 011f
2f02 0107 316c 4172 6775 6d65 6e74 6f50
6175 6c69 6e68 6f20 6461 2056 696f 6c61
07b7 253f e8ba 2e8b a2e8 ba54 5254 434a
474d 3132 3846 3134 3646 3745 333f 6c08
0125 2702 0107 316b 3138 3030 2063 6f6c
696e 6173 4265 7468 2043 6172 7661 6c68
6f07 b718 3ff0 0000 0000 0000 5452 4541
4d43 4c31 3238 4634 3236 3831 3042 486b
0801 3b23 0201 0731 6a4f 204d 6573 7472
6520 5361 6c61 2044 6f73 204d 6172 6573
456c 6973 2052 6567 696e 6107 b706 3fe1
c71c 71c7 1c72 5452 5252 4445 5531 3239
3033 4343 3037 3141 3a6a 0801 1f23 0201
0731 6941 6c76 6f72 6563 6572 436c 6172
6120 4e75 6e65 7307 b643 3fe3 b13b 13b1
3b14 5452 4750 4c4a 4431 3238 4634 3235
4137 3643 4469 0801 292d 0201 0731 6846
6c6f 7265 7320 4173 7472 6169 7353 6563
6f73 2026 204d 6f6c 6861 646f 7307 b623
3fdc b08d 3dcb 08d4 5452 5257 4e41 4631
3238 4634 3238 3137 4138 3f68 0801 3319
0201 0731 674d 616e 68c3 a373 2064 6520
5365 7465 6d62 726f 5661 6e75 7361 07b6
143f dc71 c71c 71c7 1c54 5243 4d4d 594e
3132 3846 3432 3237 4143 3137 6708 0119
2302 0107 3166 47c3 ae74 c3a2 5261 756c
2053 6569 7861 7307 b60c 3fdb c609 a90e
7d96 5452 5854 5358 4d31 3238 4639 3331
3235 3945 4666 0801 3723 0201 0731 654d
6574 616d 6f72 666f 7365 2061 6d62 756c
616e 7465 5261 756c 2053 6569 7861 7307
b55a 3fcb 86e1 b86e 1b87 5452 5157 5557
4c31 3239 3033 4346 3537 3130 3a65 0801
1f23 0201 0731 6441 6c20 6361 706f 6e65
5261 756c 2053 6569 7861 7307 b54d 3fda
c37d ac37 dac3 5452 5051 4156 4331 3238
4639 3331 3234 4136 4764 0801 2f2d 0201
0731 6352 6f73 6120 6465 2048 6972 6f73
6869 6d61 5365 636f 7320 2620 4d6f 6c68
6164 6f73 07b5 1d3f dd17 45d1 745d 1754
5255 4e52 4353 3132 3846 3932 4533 4546
4243 6308 0127 2d02 0107 3162 5361 6e67
7565 204c 6174 696e 6f53 6563 6f73 2026
204d 6f6c 6861 646f 7307 b503 3fe7 9435
e50d 7943 5452 584c 5456 4231 3238 4639
3334 3538 3941 3e62 0801 2723 0201 0731
6142 616c 6120 636f 6d20 4261 6c61 456c
6973 2052 6567 696e 6107 b431 3fe3 c3c3
c3c3 c3c4 5452 4d56 4949 4431 3238 4639
3333 3539 3739 4661 0801 3723 0201 0731
604e 6164 6120 5365 72c3 a120 636f 6d6f
2041 6e74 6573 456c 6973 2052 6567 696e
6107 b42e 3fdf 2df2 df2d f2df 5452 5250
5248 4531 3238 4639 3333 3539 3741 4460
0801 2b2b 0201 0731 5f54 6f72 7475 7261
2064 6520 416d 6f72 5761 6c64 6963 6b20
536f 7269 616e 6f07 b33c 3fe1 af28 6bca
1af3 5452 5256 414b 5731 3238 4639 3333
3842 3530 405f 0801 2529 0201 0731 5e41
6d61 6461 2061 6d61 6e74 6552 6f62 6572
746f 2043 6172 6c6f 7307 b31c 3fd6 eeee
eeee eeef 5452 534b 4552 4f31 3239 3033
4339 4143 4645 395e 0801 211f 0201 0731
5d43 6f6d 6f20 3220 6520 3247 616c 2043
6f73 7461 07b3 0d3f d721 ed7e 7534 6f54
5251 524c 4a47 3132 3846 3134 3645 3445
453a 5d08 011f 2302 0107 315c c38a 2042
6169 616e 6143 6c61 7261 204e 756e 6573
07b3 083f d555 5555 5555 5554 524c 4247
4f42 3132 3846 3134 3746 3438 4244 5c08
0133 2302 0107 315b 416e 646f 204d 6569
6f20 4465 736c 6967 6164 6f4f 7320 4d75
7461 6e74 6573 07b2 4b3f e555 5555 5555
5554 5247 554a 4c50 3132 3846 3134 3731
3544 353a 5b08 011f 2302 0107 315a c38a
2042 6169 616e 6143 6c61 7261 204e 756e
6573 07b2 483f d555 5555 5555 5554 524c
4247 4f42 3132 3846 3134 3746 3438 4244
5a08 012b 2b02 0107 3159 546f 7274 7572
6120 6465 2041 6d6f 7257 616c 6469 636b
2053 6f72 6961 6e6f 07b2 393f e1af 286b
ca1a f354 5252 5641 4b57 3132 3846 3933
3338 4235 304e 5908 013b 2f02 0107 3158
5061 7261 204c 656e 6e6f 6e20 6520 4d63
4361 7274 6e65 794d 696c 746f 6e20 4e61
7363 696d 656e 746f 07b2 2a3f d46c efa8
d9df 5254 5254 5850 5441 3132 3846 3432
3637 3044 3940 5808 0125 2902 0107 3157
4a65 7375 7320 4372 6973 746f 526f 6265
7274 6f20 4361 726c 6f73 07b2 033f d182
0f4d 1820 f554 5259 4d58 5844 3132 3846
3432 3839 3036 3559 5708 0153 2f02 0907
3156 466f 6920 556d 2052 696f 2051 7565
2050 6173 736f 7520 456d 204d 696e 6861
2056 6964 6150 6175 6c69 6e68 6f20 6461
2056 696f 6c61 07b2 3fe1 6969 6969 6969
5452 4e50 4d4f 4d31 3238 4634 3236 3937
3235 4056 0801 2f1f 0201 0731 554e c3a3
6f20 6964 656e 7469 6669 6361 646f 4761
6c20 436f 7374 6107 b117 3fd8 ba2e 8ba2
e8ba 5452 4757 5a51 5031 3238 4631 3439
3932 3143 4055 0801 2925 0201 0731 5441
7175 656c 6520 6162 7261 c3a7 6f47 696c
6265 7274 6f20 4769 6c07 b102 3fd6 c16c
16c1 6c17 5452 5855 4a52 4531 3238 4634
3235 3839 3238 4a54 0801 3f23 0201 0731
5356 6f63 6520 5061 7373 6120 4575 2041
6368 6f20 4772 61c3 a761 436c 6172 6120
4e75 6e65 7307 b042 3fd9 9999 9999 999a
5452 5851 4748 5531 3238 4639 3330 3634
3837 5053 0801 4529 0201 0731 5254 7269
6275 746f 2061 204d 6172 7469 6e20 4c75
7468 6572 204b 496e 6757 696c 736f 6e20
5369 6d6f 6e61 6c07 af55 3fe6 11a7 b961
1a7c 5452 5047 4352 5731 3238 4631 3436
4331 3941 4452 0801 2d29 0201 0731 5141
6c65 6772 6961 2c20 416c 6567 7269 6143
6165 7461 6e6f 2056 656c 6f73 6f07 af1e
3fde 79e7 9e79 e79e 5452 5544 4154 4431
3238 4639 3332 4239 3032 3d51 0801 2523
0201 0731 5055 7061 204e 6567 7569 6e68
6f45 6c69 7320 5265 6769 6e61 07ae 2c3f
e000 0000 0000 0054 5258 5043 535a 3132
3930 3343 4336 4536 333a 5008 0117 2b02
0107 314f 4f20 426f 6d45 6475 6172 646f
2041 7261 c3ba 6a6f 07ae 223f d2e2 9f79
b475 8254 5252 584f 4758 3132 3930 3343
4135 4445 4547 4f08 0133 2902 0107 314e
496f 2074 6920 6461 72c3 b220 6469 2070
69c3 b94f 726e 656c 6c61 2056 616e 6f6e
6907 ae1d 3fd5 2e0b 0ce4 5fc5 5452 505a
4f59 4c31 3238 4530 3738 3736 3336 344e
0801 1b1b 0201 0731 4d41 2056 6f6c 7461
4f73 2056 6970 7307 ae0a 3fe3 8e38 e38e
38e4 5452 5444 4646 5631 3239 3033 4341
3544 4530 414d 0801 2d23 0201 0731 4c4d
756c 6174 6120 6173 7361 6e68 6164 6145
6c7a 6120 536f 6172 6573 07ad 593f e6db
6db6 db6d b754 5250 4d4e 5843 3132 3846
3134 3836 4646 3043 4c08 012d 2702 0107
314b 4665 7374 6120 6465 2061 7272 6f6d
6261 4572 6173 6d6f 2043 6172 6c6f 7307
ad33 3fd4 741f ab8b e054 5452 4550 4c4b
5031 3238 4639 3245 4245 4545 3e4b 0801
2723 0201 0731 4a50 656e 7361 6e64 6f20
4e65 6c61 476f 6c64 656e 2042 6f79 7307
ad2a 3fea 2e8b a2e8 ba2f 5452 4857 525a
5031 3238 4634 3236 3745 4637 3a4a 0801
1b27 0201 0731 4951 7565 7269 6461 4a65
7272 7920 4164 7269 616e 6907 ad11 3fe6
38e3 8e38 e38e 5452 484e 574c 4331 3239
3033 4341 3544 4244 4749 0801 312b 0201
0731 4841 2046 6573 7461 2064 6f20 426f
6c69 6e68 6154 7269 6f20 4573 7065 7261
6ec3 a761 07ad 0d3f e555 5555 5555 5554
524e 4344 5550 3132 3846 3134 3741 3739
3644 4808 0135 2102 0107 3147 556e 6120
6c61 6372 696d 6120 7375 6c20 7669 736f
426f 6262 7920 536f 6c6f 07ac 133f e373
7373 7373 7354 5247 4543 5a4f 3132 3930
3343 4630 3343 3643 4708 012b 2902 0107
3146 4361 6265 6c6f 7320 6272 616e 636f
7353 c3ad 6c76 696f 2043 616c 6461 7307
aa3f 3fe7 0000 0000 0000 5452 4450 424c
5631 3239 3033 4346 3530 4235 4846 0801
3b23 0201 0731 4553 6520 6163 6173 6f20
766f 63c3 aa20 6368 6567 6173 7365 456c
7a61 2053 6f61 7265 7307 a80c 3fe8 0000
0000 0000 5452 524d 485a 4831 3238 4634
3237 3134 4136 3b45 0801 1b29 0201 0731
4442 696d 2042 6f6d 4a6f c3a3 6f20 4769
6c62 6572 746f 07a7 403f d999 9999 9999
9a54 5245 474a 4d4b 3132 3930 3344 3030
3737 4140 4408 0131 1d02 0107 3143 456c
6120 4469 7373 652d 6d65 2041 7373 696d
4a61 6d65 6cc3 a36f 07a7 2f3f e700 0000
0000 0054 5256 4650 464f 3132 3846 3432
3645 3644 3946 4308 0125 3502 0107 3142
4120 4665 6c69 6369 6461 6465 4167 6f73
7469 6e68 6f20 646f 7320 5361 6e74 6f73
07a7 053f e2e8 ba2e 8ba2 e954 5259 544a
4355 3132 3846 3432 3333 4330 4648 4208
0129 3502 0107 3141 4573 7472 6164 6120
646f 2073 6f6c 4167 6f73 7469 6e68 6f20
646f 7320 5361 6e74 6f73 07a6 3f3f e222
2222 2222 2254 5249 5454 4c46 3132 3930
3343 4236 3839 3234 4108 011f 1702 0107
3140 4672 616e 7175 657a 614d 6179 7361
07a5 123f e6bc a1af 286b ca54 5250 594e
4759 3132 3930 3343 4532 4541 3744 4008
012d 2902 0107 313f 5361 7564 6164 6520
6461 2042 6168 6961 446f 7269 7661 6c20
4361 796d 6d69 07a5 0c3f e111 1111 1111
1154 5255 4154 5241 3132 3846 3134 3735
3232 3346 3f08 0129 3102 0107 313e 5361
7564 6f73 6120 4d61 6c6f 6361 4465 6dc3
b46e 696f 7320 6461 2047 6172 6f61 07a3
023f e07c 1f07 c1f0 7c54 5243 494f 4558
3132 3930 3343 4231 3032 4543 3e08 0121
3302 0107 313d 5365 6261 7374 6961 6e61
4a61 636b 736f 6e20 646f 2050 616e 6465
6972 6f07 a13a 3fe5 5555 5555 5555 5452
4a49 4c55 5731 3238 4639 3246 3842 4646
0d00 0000 3a00 9400 0fbd 0f7f 0f39 0efb
0ec1 0e85 0e47 0df8 0db6 0d72 0d30 0ced
0ca7 0c63 0c1d 0bd0 0b90 0b53 0b0e 0ad5
0a8f 0a50 0a13 09d1 0994 094f 0912 08c9
088b 0852 0815 07d5 0793 074a 0705 06c8
068f 0657 0612 05cf 058e 0546 04fb 04b9
0457 0407 03bc 0366 0322 02e9 0298 0251
0216 01d1 018a 0151 00f6 0094 0000 0000
0000 0000 0000 0000 0000 0000 0000 0000
0000 0000 5f81 3108 0261 2902 0107 3100
b051 7561 6e64 6f20 6f20 736f 6c20 6261
7465 7220 6e61 206a 616e 656c 6120 646f
2074 6575 2071 7561 7274 6f4c 6567 69c3
a36f 2055 7262 616e 6107 c613 3fe0 0000
0000 0000 5452 414e 474a 4531 3238 4634
3241 4343 3943 5881 3008 0261 1b02 0107
3100 af4e 6f20 73c3 a920 7369 2065 7320
616d 6f72 2028 4974 204d 7573 7420 4861
7665 2042 6565 6e20 4c6f 7665 2952 6f78
6574 7465 07c6 0c3f d2b8 9940 6f74 ae54
5251 4146 4943 3132 3846 3134 3931 4139
3836 812f 0802 1f19 0201 0731 00ae 4275
7267 7565 7369 6143 617a 757a 6107 c561
3fda 1f58 d0fa c688 5452 594a 544b 4831
3238 4639 3331 3234 3237 4481 2e08 022d
2702 0107 3100 ad42 7965 2042 7965 2054
7269 7374 657a 6153 616e 6472 6120 6465
2053 c3a1 07c5 1e3f d3b1 3b13 b13b 1454
5244 5548 5257 3132 3930 3343 4445 4642
3242 812d 0802 2729 0201 0731 00ac 5061
6973 2065 2066 696c 686f 734c 6567 69c3
a36f 2055 7262 616e 6107 c515 3fdf 5f5f
5f5f 5f5f 5452 4f49 484a 4531 3238 4634
3241 4130 3336 3881 2c08 0223 1902 0107
3100 ab56 6964 6120 66c3 a163 696c 4361
7a75 7a61 07c4 493f eba2 e8ba 2e8b a354
524b 4a4b 4d51 3132 3846 3933 3133 4534
3244 812b 0802 193b 0201 0731 00aa 4f20
6265 636f 4f73 2050 6172 616c 616d 6173
2064 6f20 5375 6365 7373 6f07 c432 3fe5
0000 0000 0000 5452 5744 414d 5731 3238
4634 3236 3635 3236 4e81 2a08 022d 3b02
0107 3100 a951 7561 7365 2075 6d20 7365
6775 6e64 6f4f 7320 5061 7261 6c61 6d61
7320 646f 2053 7563 6573 736f 07c4 203f
d286 bca1 af28 6c54 5244 5347 4c57 3132
3846 3432 3739 3237 3036 8129 0802 1f19
0201 0731 00a8 4964 656f 6c6f 6769 6143
617a 757a 6107 c405 3fdf 0000 0000 0000
5452 5542 4a44 4831 3238 4639 3331 3234
3038 4181 2808 0237 1902 0907 3100 a746
617a 2050 6172 7465 2044 6f20 4d65 7520
5368 6f77 4361 7a75 7a61 07c4 3fdf 0000
0000 0000 5452 5a4e 584b 5831 3238 4639
3331 3234 3130 5381 2708 023b 3702 0107
3100 a641 2052 6576 6f6c 7461 2064 6f73
2044 c3a2 6e64 6973 2049 456e 6765 6e68
6569 726f 7320 646f 2048 6177 6169 6907
c361 3fd5 94d6 5359 4d65 5452 4b4c 574d
4731 3238 4639 3334 3243 3946 4881 2608
0231 2b02 0107 3100 a545 7520 676f 7374
6f20 6465 206d 756c 6865 7255 6c74 7261
6a65 2061 2052 6967 6f72 07c3 603f d1cd
239a 4734 8e54 5242 5943 5650 3132 3846
3432 3545 3143 344d 8125 0802 2f37 0201
0731 00a4 5465 7272 6120 6465 2047 6967
616e 7465 7345 6e67 656e 6865 6972 6f73
2064 6f20 4861 7761 6969 07c3 4f3f da18
dab7 ec1d d354 5248 5154 445a 3132 3846
3933 3339 4242 425f 8124 0802 7119 0201
0731 00a3 4f20 6e6f 7373 6f20 616d 6f72
2061 2067 656e 7465 2069 6e76 656e 7461
2028 6573 74c3 b372 6961 2072 6f6d c3a2
6e74 6963 6129 4361 7a75 7a61 07c3 363f
e1a7 b961 1a7b 9654 5241 464f 4e4e 3132
3846 3933 3132 3343 433f 8123 0802 3119
0201 0731 00a2 4d61 6461 67c3 a173 6361
7220 4f6c 6f64 756d 4f6c 6f64 756d 07c3
303f e111 1111 1111 1154 524d 5152 4b4f
3132 3846 3933 3142 4437 3548 8122 0802
3527 0201 0731 00a1 5265 7472 6174 6f73
2065 2043 616e c3a7 c3b5 6573 5361 6e64
7261 2064 6520 53c3 a107 c31c 3fe0 cccc
cccc cccd 5452 4f49 5749 5531 3239 3033
4344 4546 4331 4581 2108 022d 2902 0107
3100 a046 6172 6f65 7374 6520 6361 626f
636c 6f4c 6567 69c3 a36f 2055 7262 616e
6107 c318 3fce 6243 3b79 890d 5452 4b4a
444a 4c31 3238 4634 3241 4342 3546 3e81
2008 0227 2102 0107 3100 9f41 6d61 6e68
c3a3 20c3 a920 3233 4b69 6420 4162 656c
6861 07c3 133f ead6 b5ad 6b5a d754 5242
4845 4b49 3132 3930 3343 4134 4444 4140
811f 0802 3319 0201 0731 009e 436f 6469
6e6f 6d65 2042 6569 6a61 2d66 6c6f 7243
617a 757a 6107 c307 3fe1 642c 8590 b216
5452 4b58 5150 4431 3238 4639 3331 3234
3041 4281 1e08 022d 2302 0107 3100 9d55
6d20 4365 7274 6f20 416c 6775 c3a9 6d4c
756c 7520 5361 6e74 6f73 07c3 043f e83e
0f83 e0f8 3e54 5242 4e57 4659 3132 3846
3933 3431 4132 4535 811d 0802 1d19 0201
0731 009c 506f 6cc3 ad63 6961 5469 74c3
a373 07c2 583f d097 b425 ed09 7b54 5248
4549 5745 3132 3846 3932 4336 3943 4536
811c 0802 1523 0201 0731 009b 4361 7361
4c75 6c75 2053 616e 746f 7307 c240 3fd5
d5d5 d5d5 d5d6 5452 4741 5148 5031 3238
4639 3333 3936 3932 3a81 1b08 021d 2302
0107 3100 9a54 7564 6f20 6265 6d4c 756c
7520 5361 6e74 6f73 07c2 323f e5da 895d
a895 db54 5250 4144 4d46 3132 3846 3933
3431 4133 4442 811a 0802 2729 0201 0731
0099 5465 6d70 6f20 7065 7264 6964 6f4c
6567 69c3 a36f 2055 7262 616e 6107 c21e
3fe5 90b2 1642 c859 5452 5451 5053 4e31
3238 4634 3241 4342 3631 4681 1908 022f
2902 0107 3100 9845 6475 6172 646f 2065
204d c3b4 6e69 6361 4c65 6769 c3a3 6f20
5572 6261 6e61 07c2 043f d957 9fc9 0527
8454 5247 5241 4b41 3132 3846 3432 4141
3031 343f 8118 0802 1f2b 0201 0731 0097
4575 206d 6520 616d 6f55 6c74 7261 6a65
2061 2052 6967 6f72 07c1 5a3f d7cd 391f
bc4c 2a54 524f 4658 5559 3132 3845 3037
3837 4346 353d 8117 0802 192d 0201 0731
0096 54c3 a964 696f 4269 7175 696e 6920
4361 7661 64c3 a36f 07c1 253f d6ae fcc2
6e2d 5e54 524c 5753 5a50 3132 3846 3932
4346 4336 343a 8116 0802 1729 0201 0731
0095 5365 72c3 a14c 6567 69c3 a36f 2055
7262 616e 6107 c10b 3fe0 97b4 25ed 097b
5452 4254 414f 4731 3238 4634 3241 4130
3035 3681 1508 021f 1902 0107 3100 9445
7861 6765 7261 646f 4361 7a75 7a61 07c1
083f dcb0 8d3d cb08 d454 5257 5244 4c4b
3132 3846 3933 3132 3430 463b 8114 0802
1f23 0201 0731 0093 5475 646f 2041 7a75
6c4c 756c 7520 5361 6e74 6f73 07c0 573f
e13b 13b1 3b13 b154 5256 554e 5255 3132
3846 3432 3636 3341 3546 8113 0802 2d2b
0201 0731 0092 4d61 696f 7220 6162 616e
646f 6e61 646f 4261 72c3 a36f 2056 6572
6d65 6c68 6f07 c03f 3fde 79e7 9e79 e79e
5452 5453 4e4c 5031 3239 3033 4346 4136
4139 3a81 1208 021f 2102 0107 3100 9146
6978 61c3 a7c3 a36f 4b69 6420 4162 656c
6861 07c0 273f e794 35e5 0d79 4354 5246
584f 5142 3132 3930 3343 4134 4446 4142
8111 0802 252b 0201 0731 0090 4265 7465
2042 616c 616e 636f 4261 72c3 a36f 2056
6572 6d65 6c68 6f07 c011 3fe0 aaaa aaaa
aaab 5452 4759 524e 5231 3239 3033 4346
4136 4537 3a81 1008 021d 2302 0107 3100
8f46 756c 6c67 c3a1 734d 6172 696e 6120
4c69 6d61 07c0 093f e080 0000 0000 0054
5259 4851 5955 3132 3846 3134 3732 3433
353f 810f 0802 2129 0201 0731 008e 5461
6e74 6f20 416d 6172 4e65 7920 4d61 746f
6772 6f73 736f 07bf 583f dddd dddd dddd
de54 524c 534f 584a 3132 3846 3134 4132
4638 393a 810e 0802 211f 0201 0731 008d
4c75 7a20 646f 2073 6f6c 4761 6c20 436f
7374 6107 bf50 3fd6 b5ad 6b5a d6b6 5452
5644 4f4b 4f31 3238 4631 3439 3933 3237
3c81 0d08 0229 1b02 0107 3100 8c50 656c
6f20 496e 7465 7266 6f6e 6552 6974 6368
6965 07bf 463f e0df 6b0d f6b0 df54 524a
4c4a 5754 3132 3846 3933 3432 3644 3443
810c 0802 2f23 0201 0731 008b 4d65 736d
6f20 5175 6520 5365 6a61 2045 754d 6172
696e 6120 4c69 6d61 07bf 223f e684 bda1
2f68 4c54 524b 4250 4d58 3132 3846 3432
3641 3633 3336 810b 0802 1d1b 0201 0731
008a 4361 7361 6e6f 7661 5269 7463 6869
6507 bf1f 3fe3 a2e8 ba2e 8ba3 5452 4d45
504c 5231 3238 4639 3334 3236 4431 4281
0a08 022d 2302 0107 3100 8941 6469 7669
6e68 6120 6f20 5175 c3aa 3f4c 756c 7520
5361 6e74 6f73 07bf 123f f000 0000 0000
0054 5246 5a4a 4a55 3132 3845 3037 3834
4443 453a 8109 0802 271b 0209 0731 0088
4d65 6e69 6e61 2056 656e 656e 6f52 6974
6368 6965 07bf 3fd3 7a6f 4de9 bd38 5452
4f4c 4c48 5131 3238 4639 3334 3236 4432
3d81 0808 021b 2b02 0107 3100 8742 696c
6865 7465 4661 66c3 a120 6465 2042 656c
c3a9 6d07 be4a 3fec 28f5 c28f 5c29 5452
484f 5147 5531 3238 4639 3245 4332 3530
4a81 0708 0237 2902 0107 3100 8650 6f72
2044 6562 6169 786f 2044 6f73 2050 616e
6f73 4e65 7920 4d61 746f 6772 6f73 736f
07be 3a3f c951 9519 5195 1954 5252 4b48
5841 3132 3846 3134 4132 4638 4443 8106
0802 2b27 0201 0731 0085 4f6c 686f 7320
436f 6c6f 7269 646f 7353 616e 6472 6120
6465 2053 c3a1 07be 243f e555 5555 5555
5554 524f 504e 5945 3132 3930 3343 4445
4642 4241 8105 0802 1f2f 0201 0731 0084
5365 6e74 696e 656c 614d 696c 746f 6e20
4e61 7363 696d 656e 746f 07bd 563f e111
1111 1111 1154 5255 4455 5748 3132 3846
3432 3637 3038 3643 8104 0802 2b27 0201
0731 0083 5065 6761 206e 6120 6d65 6e74
6972 6145 7261 736d 6f20 4361 726c 6f73
07bd 4d3f e216 42c8 590b 2154 5254 434e
5341 3132 3846 3932 4542 4545 3540 8103
0802 2329 0201 0731 0082 486f 6d65 6d20
436f 6d20 484e 6579 204d 6174 6f67 726f
7373 6f07 bd32 3fc5 1033 d91d 2a20 5452
554a 554e 4231 3238 4639 3331 3430 3431
3f81 0208 0223 2702 0107 3100 8141 2063
6875 7661 2063 6169 4265 7468 2043 6172
7661 6c68 6f07 bd31 3ff0 0000 0000 0000
5452 5947 4549 4d31 3238 4634 3235 3633
3337 4181 0108 0217 3702 0107 3100 804c
7569 7a61 416e 74c3 b46e 696f 2043 6172
6c6f 7320 4a6f 6269 6d07 bd24 3fe3 e93e
93e9 3e94 5452 4656 5942 5031 3238 4631
3441 3433 3434 3f81 0008 0123 2902 0107
317f 4361 6d61 2059 204d 6573 6152 6f62
6572 746f 2043 6172 6c6f 7307 bd1a 3fd4
b94b 94b9 4b95 5452 5943 5054 4e31 3238
4639 3244 4439 4141 4d7f 0801 4325 0201
0731 7e53 6520 6575 2071 7569 7365 7220
6661 6c61 7220 636f 6d20 4465 7573 4769
6c62 6572 746f 2047 696c 07bd 0f3f d5f1
5f15 f15f 1654 5252 4745 5856 3132 3845
3037 3938 4531 333c 7e08 0129 1d02 0107
317d 4c61 6ec3 a761 2050 6572 6675 6d65
5269 7461 204c 6565 07bd 093f e4ec 4ec4
ec4e c554 5246 565a 4b41 3132 3846 3932
4546 4144 313a 7d08 0125 1d02 0107 317c
4261 696c 6120 436f 6d69 676f 5269 7461
204c 6565 07bd 023f dc71 c71c 71c7 1c54
5259 4c4a 5549 3132 3930 3343 4635 3532
4138 7c08 0115 2902 0107 317b 5761 7665
4a6f c3a3 6f20 4769 6c62 6572 746f 07bc
4b3f e4cc cccc cccc cd54 5244 4452 554c
3132 3846 3134 3939 4438 363c 7b08 0129
1d02 0107 317a 4d61 6e69 6120 6465 2076
6f63 c3aa 5269 7461 204c 6565 07bc 143f
d28c fc4a 33f1 2954 524a 4955 535a 3132
3846 3432 3643 3439 4544 7a08 012b 2b02
0107 3179 4772 6974 6f20 6465 2061 6c65
7274 614d 6172 6961 2042 6574 68c3 a26e
6961 07bc 0b3f e281 8acb 90f6 bf54 5241
414f 4147 3132 3846 3134 3643 3143 373c
7908 0129 1d02 0107 3178 4d61 6e69 6120
6465 2076 6f63 c3aa 5269 7461 204c 6565
07bb 5f3f d28c fc4a 33f1 2954 524a 4955
535a 3132 3846 3432 3643 3439 4541 7808
012d 2302 0107 3177 4d6f 7265 6e61 2064
6520 416e 676f 6c61 436c 6172 6120 4e75
6e65 7307 bb44 3fc4 2a15 0a85 42a1 5452
4950 5649 4731 3238 4634 3235 4137 3630
0d00 0000 2905 1400 0fba 0f63 0f1a 0eda
0e95 0e48 0e05 0db9 0d73 0d29 0ce7 0c9b
0c49 0bfe 0bc4 0b7a 0b36 0ae8 0ab0 0a7b
0a33 09ec 09ae 0969 0920 08e8 08a6 086b
0820 07e9 07a7 0762 0716 06d6 069a 0645
060a 05d3 058d 054b 0514 0000 0000 0000
0000 0000 0000 0000 0000 0000 0000 0000
0000 0000 0000 0000 0000 0000 0000 0000
0000 0000 0000 0000 0000 0000 0000 0000
0000 0000 0000 0000 0000 0000 0000 0000
0000 0000 0000 0000 0000 0000 0000 0000
0000 0000 0000 0000 0000 0000 0000 0000
0000 0000 0000 0000 0000 0000 0000 0000
0000 0000 0000 0000 0000 0000 0000 0000
0000 0000 0000 0000 0000 0000 0000 0000
0000 0000 0000 0000 0000 0000 0000 0000
0000 0000 0000 0000 0000 0000 0000 0000
0000 0000 0000 0000 0000 0000 0000 0000
0000 0000 0000 0000 0000 0000 0000 0000
0000 0000 0000 0000 0000 0000 0000 0000
0000 0000 0000 0000 0000 0000 0000 0000
0000 0000 0000 0000 0000 0000 0000 0000
0000 0000 0000 0000 0000 0000 0000 0000
0000 0000 0000 0000 0000 0000 0000 0000
0000 0000 0000 0000 0000 0000 0000 0000
0000 0000 0000 0000 0000 0000 0000 0000
0000 0000 0000 0000 0000 0000 0000 0000
0000 0000 0000 0000 0000 0000 0000 0000
0000 0000 0000 0000 0000 0000 0000 0000
0000 0000 0000 0000 0000 0000 0000 0000
0000 0000 0000 0000 0000 0000 0000 0000
0000 0000 0000 0000 0000 0000 0000 0000
0000 0000 0000 0000 0000 0000 0000 0000
0000 0000 0000 0000 0000 0000 0000 0000
0000 0000 0000 0000 0000 0000 0000 0000
0000 0000 0000 0000 0000 0000 0000 0000
0000 0000 0000 0000 0000 0000 0000 0000
0000 0000 0000 0000 0000 0000 0000 0000
0000 0000 0000 0000 0000 0000 0000 0000
0000 0000 0000 0000 0000 0000 0000 0000
0000 0000 0000 0000 0000 0000 0000 0000
0000 0000 0000 0000 0000 0000 0000 0000
0000 0000 0000 0000 0000 0000 0000 0000
0000 0000 0000 0000 0000 0000 0000 0000
0000 0000 0000 0000 0000 0000 0000 0000
0000 0000 0000 0000 0000 0000 0000 0000
0000 0000 0000 0000 0000 0000 0000 0000
0000 0000 0000 0000 0000 0000 0000 0000
0000 0000 0000 0000 0000 0000 0000 0000
0000 0000 0000 0000 0000 0000 0000 0000
0000 0000 0000 0000 0000 0000 0000 0000
0000 0000 0000 0000 0000 0000 0000 0000
0000 0000 0000 0000 0000 0000 0000 0000
0000 0000 0000 0000 0000 0000 0000 0000
0000 0000 0000 0000 0000 0000 0000 0000
0000 0000 0000 0000 0000 0000 0000 0000
0000 0000 0000 0000 0000 0000 0000 0000
0000 0000 0000 0000 0000 0000 0000 0000
0000 0000 0000 0000 0000 0000 0000 0000
0000 0000 0000 0000 0000 0000 0000 0000
0000 0000 0000 0000 0000 0000 0000 0000
0000 0000 0000 0000 0000 0000 0000 0000
0000 0000 0000 0000 0000 0000 0000 0000
0000 0000 0000 0000 0000 0000 0000 0000
0000 0000 0000 0000 0000 0000 0000 0000
0000 0000 0000 0000 0000 0000 0000 0000
0000 0000 0000 0000 0000 0000 0000 0000
0000 0000 0000 0000 0000 0000 0000 0000
0000 0000 0000 0000 0000 0000 0000 0000
0000 0000 0000 0000 0000 0000 0000 0000
0000 0000 0000 0000 0000 0000 0000 0000
0000 0000 0000 0000 0000 0000 0000 0000
0000 0000 0000 0000 0000 0000 0000 0000
0000 0000 0000 0000 0000 0000 0000 0000
0000 0000 0000 0000 0000 0000 0000 0000
0000 0000 0000 0000 0000 0000 0000 0000
0000 0000 0000 0000 0000 0000 0000 0000
0000 0000 0000 0000 0000 0000 0000 0000
0000 0000 0000 0000 0000 0000 0000 0000
0000 0000 0000 0000 0000 0000 0000 0000
0000 0000 0000 0000 0000 0000 0000 0000
0000 0000 3481 5a08 0219 1b02 0107 3100
d944 6570 6f69 7350 6174 6f20 4675 07d0
443f d474 1fab 8be0 5454 5257 4754 4550
3132 3930 3343 4230 4239 363f 8159 0802
2525 0201 0731 00d8 4d65 7520 5175 6572
7562 696d 4f73 2054 7261 7665 7373 6f73
07d0 383f e89d 89d8 9d89 d954 524c 4153
444d 3132 3846 3134 3646 3141 4443 8158
0802 2f23 0201 0731 00d7 4261 6e68 6f20
6465 2043 6875 7665 6972 6f54 6572 7261
2053 616d 6261 07d0 363f e124 9249 2492
4954 5249 5155 5051 3132 3846 3933 3132
4430 3534 8157 0802 1b19 0201 0731 00d6
5369 6d61 7269 6b54 6172 6b61 6e07 d031
3fda aaaa aaaa aaab 5452 584b 5a45 4131
3238 4631 3439 3046 4631 3881 5608 021d
1f02 0107 3100 d54d 6520 6c61 6d62 6552
6169 6d75 6e64 6f73 07d0 213f dbf6 0ee9
a18d ab54 524f 5657 5946 3132 3845 3037
3842 3439 3252 8155 0802 4b27 0209 0731
00d4 5365 2045 7520 4e61 6f20 5465 2041
6d61 7373 6520 5461 6e74 6f20 4173 7369
6d49 7665 7465 2053 616e 6761 6c6f 07d0
3fde c4ec 4ec4 ec4f 5452 434d 4c48 4731
3238 4639 3331 3235 3037 3981 5408 021b
2302 0107 3100 d350 616c 7069 7465 5465
7272 6120 5361 6d62 6107 cf53 3fe0 b216
42c8 590b 5452 4f4c 5242 5831 3238 4639
3331 3244 3031 3d81 5308 0227 1f02 0107
3100 d241 206d 6169 7320 7065 6469 6461
5261 696d 756e 646f 7307 cf4e 3fdf 3831
f383 1f38 5452 4a45 484f 4131 3238 4530
3738 4234 3930 4981 5208 023f 1f02 0107
3100 d14d 756c 6865 7220 6465 2066 6173
6573 2028 4120 6c69 6e64 6129 5261 696d
756e 646f 7307 cf33 3fde d7e7 5346 f094
5452 4f55 4750 4231 3238 4530 3738 4234
3937 4281 5108 021f 3102 0107 3100 d049
6e74 6572 666f 6e65 53c3 b320 5072 6120
436f 6e74 7261 7269 6172 07cf 2c3f d9ec
8e95 1033 d954 5245 4f4f 5046 3132 3846
3933 3338 3646 453f 8150 0802 3119 0201
0731 00cf 4661 726f 6c20 6461 7320 4573
7472 656c 6173 536f 7765 746f 07cf 163f
e34d 34d3 4d34 d354 5246 524d 4848 3132
3846 3432 3630 3536 3434 814f 0802 191b
0201 0731 00ce 4465 706f 6973 5061 746f
2046 7507 cf14 3fd4 741f ab8b e054 5452
5747 5445 5031 3239 3033 4342 3042 3936
4881 4e08 023f 1d02 0107 3100 cd50 7265
7365 6e74 6520 4465 2055 6d20 4265 696a
612d 466c 6f72 4e61 7469 7275 7473 07ce
253f d772 0f35 3a4c 0a54 5241 5652 5846
3132 3846 3134 3831 4536 3938 814d 0802
2319 0201 0731 00cc 4d75 6e64 6f20 6465
204f 7a53 6f77 6574 6f07 ce1f 3fe3 bea3
677d 46cf 5452 4146 4556 4d31 3238 4634
3232 3738 4230 3f81 4c08 0227 2302 0107
3100 cb4c 6962 6572 6172 2047 6572 616c
5465 7272 6120 5361 6d62 6107 ce03 3fde
79e7 9e79 e79e 5452 5a48 434a 5031 3238
4634 3236 3237 3835 3581 4b08 021b 1b02
0107 3100 ca41 2066 6569 7261 4f20 5261
7070 6107 cc5f 3fe7 1c71 c71c 71c7 5452
5958 4a52 4931 3238 4631 3441 3243 3833
4681 4a08 0233 2502 0107 3100 c94c 6120
466f 727a 6120 4465 6c6c 6120 5669 7461
5265 6e61 746f 2052 7573 736f 07cc 473f
d364 d936 4d93 6554 5244 5454 4945 3132
3846 3432 4141 3642 3142 8149 0802 2927
0201 0731 00c8 4ec3 a26f 2076 c3a1 2061
696e 6461 5ac3 a96c 6961 2044 756e 6361
6e07 cc1a 3fde d097 b425 ed09 5452 5050
4e47 5231 3238 4639 3331 3235 3841 3b81
4808 021b 2702 0107 3100 c741 6c63 6f68
6f6c 4a6f 7267 6520 4265 6e20 4a6f 7207
cb61 3fd9 79c9 5204 f88b 5452 4d50 464a
4f31 3238 4546 3335 3745 3131 4481 4708
0223 3102 0107 3100 c652 6f62 6f63 6f70
2067 6179 4d61 6d6f 6e61 7320 4173 7361
7373 696e 6173 07cb 4c3f e333 3333 3333
3354 524f 5753 5947 3132 3846 3432 3545
4339 3245 8146 0802 2b2b 0201 0731 00c5
4d65 6e69 6e6f 2044 6f20 5065 6cc3 b444
616e 6965 6c61 204d 6572 6375 7279 07ca
463f db6d b6db 6db6 db54 5248 524e 5758
3132 3846 3432 3635 4639 3932 8145 0802
1917 0201 0731 00c4 4573 6d6f 6c61 536b
616e 6b07 ca38 3fd7 b425 ed09 7b42 5452
4845 5149 4631 3238 4639 3244 4346 3142
3581 4408 021d 1902 0107 3100 c352 6571
7565 6272 614f 6c6f 6475 6d07 ca13 3fde
8ba2 e8ba 2e8c 5452 5943 4147 4631 3238
4634 3236 3633 4434 4b81 4308 0231 3102
0107 3100 c245 7373 6120 5461 6c20 4c69
6265 7264 6164 6553 c3b3 2050 7261 2043
6f6e 7472 6172 6961 7207 ca08 3fd4 f4ac
2d4f 4ac3 5452 5344 4750 5731 3238 4639
3334 3143 3333 4181 4208 022d 2102 0107
3100 c145 7520 7469 7665 2075 6d20 736f
6e68 6f4b 6964 2041 6265 6c68 6107 c935
3fd4 a529 4a52 94a5 5452 514c 574a 4531
3239 3033 4341 3444 4545 4781 4108 0223
3702 0107 3100 c050 6172 6162 c3b3 6c69
6361 456e 6765 6e68 6569 726f 7320 646f
2048 6177 6169 6907 c932 3fe4 71c7 1c71
c71c 5452 444a 4650 4131 3238 4639 3331
3430 3544 3781 4008 0215 2502 0107 3100
bf52 6f73 614d 6172 6973 6120 4d6f 6e74
6507 c922 3fe0 369d 0369 d037 5452 5946
4549 4931 3238 4634 3237 4342 4542 4881
3f08 0239 2302 0107 3100 be43 616d 696e
616e 646f 2050 6f72 204c 6120 4361 6c6c
6547 6970 7379 204b 696e 6773 07c8 5b3f
c05f 417d 05f4 1854 5257 4649 4d45 3132
3846 3432 3641 3341 384f 813e 0802 4f1b
0201 0731 00bd 556e 2064 c3ad 6120 7369
6e20 7469 2028 5370 656e 6469 6e67 204d
7920 5469 6d65 2952 6f78 6574 7465 07c8
433f d1d4 b24e f715 a754 5250 4c44 5552
3132 3846 3134 3931 4139 3549 813d 0802
3b23 0201 0731 00bc 4170 656e 6173 206d
6169 7320 756d 6120 6465 2061 6d6f 724c
756c 7520 5361 6e74 6f73 07c8 283f d6ec
e540 f489 8d54 5250 4c5a 5346 3132 3846
3432 3833 3446 303f 813c 0802 2525 0201
0731 00bb 4169 6e64 6120 6c65 6d62 726f
4d61 7269 7361 204d 6f6e 7465 07c8 1c3f
e999 9999 9999 9a54 524d 4855 4e46 3132
3846 3432 3535 4143 3847 813b 0802 2f2b
0201 0731 00ba 4f20 4361 6e74 6f20 6461
2052 6169 6e68 6144 616e 6965 6c61 204d
6572 6375 7279 07c8 033f dbe5 be5b e5be
5c54 5242 4458 5150 3132 3845 4633 3536
3930 3643 813a 0802 2d25 0201 0731 00b9
4575 2073 6569 2028 4e61 206d 6972 6129
4d61 7269 7361 204d 6f6e 7465 07c7 503f
e000 0000 0000 0054 5253 5550 544c 3132
3846 3432 3743 4245 4649 8139 0802 233b
0201 0731 00b8 5465 6e64 6f20 6120 6c75
614f 7320 5061 7261 6c61 6d61 7320 646f
2053 7563 6573 736f 07c7 483f dc98 82b9
3105 7254 524f 4944 554d 3132 3846 3134
3746 3344 3440 8138 0802 2923 0201 0731
00b7 4163 6f6e 7465 6369 6d65 6e74 6f73
4d61 7269 6e61 204c 696d 6107 c72c 3fe0
0000 0000 0000 5452 4d42 4c4b 5931 3238
4631 3436 4244 3943 4a81 3708 0237 2902
0107 3100 b64f 2074 6561 7472 6f20 646f
7320 7661 6d70 6972 6f73 4c65 6769 c3a3
6f20 5572 6261 6e61 07c7 1b3f e276 2762
7627 6254 5242 5256 4451 3132 3846 3432
4143 3945 4442 8136 0802 2729 0201 0731
00b5 5061 6973 2065 2066 696c 686f 734c
6567 69c3 a36f 2055 7262 616e 6107 c648
3fdf 5f5f 5f5f 5f5f 5452 4f49 484a 4531
3238 4634 3241 4130 3336 3d81 3508 022f
1702 0107 3100 b444 616e c3a7 616e 646f
204c 616d 6261 6461 4b61 6f6d 6107 c634
3fe0 8d3d cb08 d3dd 5452 5250 4254 5731
3238 4639 3333 3834 4344 4681 3408 022f
2902 0107 3100 b34d 656e 696e 6f73 2065
206d 656e 696e 6173 4c65 6769 c3a3 6f20
5572 6261 6e61 07c6 2a3f e1c7 1c71 c71c
7254 5245 5444 484b 3132 3846 3432 4141
3033 4254 8133 0802 4331 0201 0731 00b2
4465 7363 756c 7065 2c20 4d61 7320 4575
2056 6f75 2043 686f 7261 724c 6561 6e64
726f 2026 204c 656f 6e61 7264 6f07 c622
3fe5 e50d 7943 5e51 5452 5156 4e4f 5a31
3238 4634 3233 4343 4244 4381 3208 022d
2502 0107 3100 b142 6569 6a69 6e68 6f20
4e61 2042 6f63 6142 6574 6f20 4261 7262
6f73 6107 c615 3fe4 b4b4 b4b4 b4b5 5452
584e 4851 5731 3238 4634 3232 4635 3245
